0
0.0127
0
0.0127
0
0.00635
0.0127
0.01905
0.00330
0.00950
0.0159
0.0221
0
0.00635
0.0127
0.01905
0
0.00330
0.00635
0.00950
0.0127
0.0159
0.01905
0.0221
0
0.00330
0.00635
0.00950
0.0127
0.0159
0.01905
0.0221
0
0.00330
0.00950
0.0159
0.0221
0.00250
0.00635
0.0127
0.01905
0.0230
0
0.00330
0.00950
0.0159
0.0221
0
0.00635
0.0127
0.01905
0.00330
0.0127
0.0221
0
0.00330
0.0127
0.0221
0
0.00330
0.0127
0.0221
0
0.00330
0.0127
0.0221
0
0.00330
0.0127
0.0221
0
0.00330
0.0127
0.0221
0
0.00330
0.0127
0.0221
0
0.00330
0.0127
0.0221
0
0.0127
0
0.0127
0.0254
0.0381
0.0254
0.0381
0.0254
0.03175
0.0381
0.04445
0.0287
0.0349
0.0413
0.0475
0.0254
0.03175
0.0381
0.04445
0.0254
0.0287
0.03175
0.0349
0.0381
0.0413
0.04445
0.0475
0.0254
0.0287
0.03175
0.0349
0.0381
0.0413
0.04445
0.0475
0.0254
0.0287
0.0349
0.0413
0.0475
0.0279
0.03175
0.0381
0.04445
0.0484
0.0254
0.0287
0.0349
0.0413
0.0475
0.0254
0.03175
0.0381
0.04445
0.0287
0.0381
0.0475
0.0254
0.0287
0.0381
0.0475
0.0254
0.0287
0.0381
0.0475
0.0254
0.0287
0.0381
0.0475
0.0254
0.0287
0.0381
0.0475
0.0254
0.0287
0.0381
0.0475
0.0254
0.0287
0.0381
0.0475
0.0254
0.0287
0.0381
0.0475
0.0254
0.0381
0.0254
0.0381
0.0508
0.0635
0.0508
0.0635
0.0508
0.05715
0.0635
0.06985
0.0541
0.0603
0.0667
0.0729
0.0508
0.05715
0.0635
0.06985
0.0508
0.0541
0.05715
0.0603
0.0635
0.0667
0.06985
0.0729
0.0508
0.0541
0.05715
0.0603
0.0635
0.0667
0.06985
0.0729
0.0508
0.0541
0.0603
0.0667
0.0729
0.0533
0.05715
0.0635
0.06985
0.0738
0.0508
0.0541
0.0603
0.0667
0.0729
0.0508
0.05715
0.0635
0.06985
0.0541
0.0635
0.0729
0.0508
0.0541
0.0635
0.0729
0.0508
0.0541
0.0635
0.0729
0.0508
0.0541
0.0635
0.0729
0.0508
0.0541
0.0635
0.0729
0.0508
0.0541
0.0635
0.0729
0.0508
0.0541
0.0635
0.0729
0.0508
0.0541
0.0635
0.0729
0.0508
0.0635
0.0508
0.0635
0.0762
0.0889
0.0762
0.0889
0.0762
0.08255
0.0889
0.09525
0.0795
0.0857
0.0921
0.0983
0.0762
0.08255
0.0889
0.09525
0.0762
0.0795
0.08255
0.0857
0.0889
0.0921
0.09525
0.0983
0.0762
0.0795
0.08255
0.0857
0.0889
0.0921
0.09525
0.0983
0.0762
0.0795
0.0857
0.0921
0.0983
0.0787
0.08255
0.0889
0.09525
0.0992
0.0762
0.0795
0.0857
0.0921
0.0983
0.0762
0.08255
0.0889
0.09525
0.0795
0.0889
0.0983
0.0762
0.0795
0.0889
0.0983
0.0762
0.0795
0.0889
0.0983
0.0762
0.0795
0.0889
0.0983
0.0762
0.0795
0.0889
0.0983
0.0762
0.0795
0.0889
0.0983
0.0762
0.0795
0.0889
0.0983
0.0762
0.0795
0.0889
0.0983
0.0762
0.0889
0.0762
0.0889
0.1016
0.1143
0.1016
0.1143
0.1016
0.10795
0.1143
0.12065
0.1049
0.1111
0.1175
0.1237
0.1016
0.10795
0.1143
0.12065
0.1016
0.1049
0.10795
0.1111
0.1143
0.1175
0.12065
0.1237
0.1016
0.1049
0.10795
0.1111
0.1143
0.1175
0.12065
0.1237
0.1016
0.1049
0.1111
0.1175
0.1237
0.1041
0.10795
0.1143
0.12065
0.1246
0.1016
0.1049
0.1111
0.1175
0.1237
0.1016
0.10795
0.1143
0.12065
0.1049
0.1143
0.1237
0.1016
0.1049
0.1143
0.1237
0.1016
0.1049
0.1143
0.1237
0.1016
0.1049
0.1143
0.1237
0.1016
0.1049
0.1143
0.1237
0.1016
0.1049
0.1143
0.1237
0.1016
0.1049
0.1143
0.1237
0.1016
0.1049
0.1143
0.1237
0.1016
0.1143
0.1016
0.1143
0.127
0.1397
0.127
0.1397
0.127
0.13335
0.1397
0.14605
0.1303
0.1365
0.1429
0.1491
0.127
0.13335
0.1397
0.14605
0.127
0.1303
0.13335
0.1365
0.1397
0.1429
0.14605
0.1491
0.127
0.1303
0.13335
0.1365
0.1397
0.1429
0.14605
0.1491
0.127
0.1303
0.1365
0.1429
0.1491
0.1295
0.13335
0.1397
0.14605
0.150
0.127
0.1303
0.1365
0.1429
0.1491
0.127
0.13335
0.1397
0.14605
0.1303
0.1397
0.1491
0.127
0.1303
0.1397
0.1491
0.127
0.1303
0.1397
0.1491
0.127
0.1303
0.1397
0.1491
0.127
0.1303
0.1397
0.1491
0.127
0.1303
0.1397
0.1491
0.127
0.1303
0.1397
0.1491
0.127
0.1303
0.1397
0.1491
0.127
0.1397
0.127
0.1397
0.1524
0.1524
0.1524
0.1524
0.1524
0.1524
0.1524
0.1524
0.1524
0.1524
0.1524
0.1524
0.1524
0.1524
0.1524
0.1524
0.1524
0.1524
