0
0
0.0127000000000000
0.0127000000000000
0.0190000000000000
0.0190000000000000
0.0190000000000000
0.0190000000000000
0.0222000000000000
0.0222000000000000
0.0222000000000000
0.0222000000000000
0.0254000000000000
0.0254000000000000
0.0254000000000000
0.0254000000000000
0.0286000000000000
0.0286000000000000
0.0286000000000000
0.0286000000000000
0.0286000000000000
0.0286000000000000
0.0286000000000000
0.0286000000000000
0.0318000000000000
0.0318000000000000
0.0318000000000000
0.0318000000000000
0.0318000000000000
0.0318000000000000
0.0318000000000000
0.0318000000000000
0.0354000000000000
0.0354000000000000
0.0354000000000000
0.0354000000000000
0.0354000000000000
0.0380000000000000
0.0380000000000000
0.0380000000000000
0.0380000000000000
0.0380000000000000
0.0405000000000000
0.0405000000000000
0.0405000000000000
0.0405000000000000
0.0405000000000000
0.0444000000000000
0.0444000000000000
0.0444000000000000
0.0444000000000000
0.0476000000000000
0.0476000000000000
0.0476000000000000
0.0513000000000000
0.0550000000000000
0.0550000000000000
0.0550000000000000
0.0587000000000000
0.0623000000000000
0.0623000000000000
0.0623000000000000
0.0660000000000000
0.0701000000000000
0.0701000000000000
0.0701000000000000
0.0738000000000000
0.0774000000000000
0.0774000000000000
0.0774000000000000
0.0811000000000000
0.0847000000000000
0.0847000000000000
0.0847000000000000
0.0884000000000000
0.0925000000000000
0.0925000000000000
0.0925000000000000
0.0962000000000000
0.100000000000000
0.100000000000000
0.100000000000000
0.108000000000000
0.108000000000000
0.120500000000000
0.120500000000000
0
0
0.0127000000000000
0.0127000000000000
0.0190000000000000
0.0190000000000000
0.0190000000000000
0.0190000000000000
0.0222000000000000
0.0222000000000000
0.0222000000000000
0.0222000000000000
0.0254000000000000
0.0254000000000000
0.0254000000000000
0.0254000000000000
0.0286000000000000
0.0286000000000000
0.0286000000000000
0.0286000000000000
0.0286000000000000
0.0286000000000000
0.0286000000000000
0.0286000000000000
0.0318000000000000
0.0318000000000000
0.0318000000000000
0.0318000000000000
0.0318000000000000
0.0318000000000000
0.0318000000000000
0.0318000000000000
0.0354000000000000
0.0354000000000000
0.0354000000000000
0.0354000000000000
0.0354000000000000
0.0380000000000000
0.0380000000000000
0.0380000000000000
0.0380000000000000
0.0380000000000000
0.0405000000000000
0.0405000000000000
0.0405000000000000
0.0405000000000000
0.0405000000000000
0.0444000000000000
0.0444000000000000
0.0444000000000000
0.0444000000000000
0.0476000000000000
0.0476000000000000
0.0476000000000000
0.0513000000000000
0.0550000000000000
0.0550000000000000
0.0550000000000000
0.0587000000000000
0.0623000000000000
0.0623000000000000
0.0623000000000000
0.0660000000000000
0.0701000000000000
0.0701000000000000
0.0701000000000000
0.0738000000000000
0.0774000000000000
0.0774000000000000
0.0774000000000000
0.0811000000000000
0.0847000000000000
0.0847000000000000
0.0847000000000000
0.0884000000000000
0.0925000000000000
0.0925000000000000
0.0925000000000000
0.0962000000000000
0.100000000000000
0.100000000000000
0.100000000000000
0.108000000000000
0.108000000000000
0.120500000000000
0.120500000000000
0
0
0.0127000000000000
0.0127000000000000
0.0190000000000000
0.0190000000000000
0.0190000000000000
0.0190000000000000
0.0222000000000000
0.0222000000000000
0.0222000000000000
0.0222000000000000
0.0254000000000000
0.0254000000000000
0.0254000000000000
0.0254000000000000
0.0286000000000000
0.0286000000000000
0.0286000000000000
0.0286000000000000
0.0286000000000000
0.0286000000000000
0.0286000000000000
0.0286000000000000
0.0318000000000000
0.0318000000000000
0.0318000000000000
0.0318000000000000
0.0318000000000000
0.0318000000000000
0.0318000000000000
0.0318000000000000
0.0354000000000000
0.0354000000000000
0.0354000000000000
0.0354000000000000
0.0354000000000000
0.0380000000000000
0.0380000000000000
0.0380000000000000
0.0380000000000000
0.0380000000000000
0.0405000000000000
0.0405000000000000
0.0405000000000000
0.0405000000000000
0.0405000000000000
0.0444000000000000
0.0444000000000000
0.0444000000000000
0.0444000000000000
0.0476000000000000
0.0476000000000000
0.0476000000000000
0.0513000000000000
0.0550000000000000
0.0550000000000000
0.0550000000000000
0.0587000000000000
0.0623000000000000
0.0623000000000000
0.0623000000000000
0.0660000000000000
0.0701000000000000
0.0701000000000000
0.0701000000000000
0.0738000000000000
0.0774000000000000
0.0774000000000000
0.0774000000000000
0.0811000000000000
0.0847000000000000
0.0847000000000000
0.0847000000000000
0.0884000000000000
0.0925000000000000
0.0925000000000000
0.0925000000000000
0.0962000000000000
0.100000000000000
0.100000000000000
0.100000000000000
0.108000000000000
0.108000000000000
0.120500000000000
0.120500000000000
0
0
0.0127000000000000
0.0127000000000000
0.0190000000000000
0.0190000000000000
0.0190000000000000
0.0190000000000000
0.0222000000000000
0.0222000000000000
0.0222000000000000
0.0222000000000000
0.0254000000000000
0.0254000000000000
0.0254000000000000
0.0254000000000000
0.0286000000000000
0.0286000000000000
0.0286000000000000
0.0286000000000000
0.0286000000000000
0.0286000000000000
0.0286000000000000
0.0286000000000000
0.0318000000000000
0.0318000000000000
0.0318000000000000
0.0318000000000000
0.0318000000000000
0.0318000000000000
0.0318000000000000
0.0318000000000000
0.0354000000000000
0.0354000000000000
0.0354000000000000
0.0354000000000000
0.0354000000000000
0.0380000000000000
0.0380000000000000
0.0380000000000000
0.0380000000000000
0.0380000000000000
0.0405000000000000
0.0405000000000000
0.0405000000000000
0.0405000000000000
0.0405000000000000
0.0444000000000000
0.0444000000000000
0.0444000000000000
0.0444000000000000
0.0476000000000000
0.0476000000000000
0.0476000000000000
0.0513000000000000
0.0550000000000000
0.0550000000000000
0.0550000000000000
0.0587000000000000
0.0623000000000000
0.0623000000000000
0.0623000000000000
0.0660000000000000
0.0701000000000000
0.0701000000000000
0.0701000000000000
0.0738000000000000
0.0774000000000000
0.0774000000000000
0.0774000000000000
0.0811000000000000
0.0847000000000000
0.0847000000000000
0.0847000000000000
0.0884000000000000
0.0925000000000000
0.0925000000000000
0.0925000000000000
0.0962000000000000
0.100000000000000
0.100000000000000
0.100000000000000
0.108000000000000
0.108000000000000
0.120500000000000
0.120500000000000
0
0
0.0127000000000000
0.0127000000000000
0.0190000000000000
0.0190000000000000
0.0190000000000000
0.0190000000000000
0.0222000000000000
0.0222000000000000
0.0222000000000000
0.0222000000000000
0.0254000000000000
0.0254000000000000
0.0254000000000000
0.0254000000000000
0.0286000000000000
0.0286000000000000
0.0286000000000000
0.0286000000000000
0.0286000000000000
0.0286000000000000
0.0286000000000000
0.0286000000000000
0.0318000000000000
0.0318000000000000
0.0318000000000000
0.0318000000000000
0.0318000000000000
0.0318000000000000
0.0318000000000000
0.0318000000000000
0.0354000000000000
0.0354000000000000
0.0354000000000000
0.0354000000000000
0.0354000000000000
0.0380000000000000
0.0380000000000000
0.0380000000000000
0.0380000000000000
0.0380000000000000
0.0405000000000000
0.0405000000000000
0.0405000000000000
0.0405000000000000
0.0405000000000000
0.0444000000000000
0.0444000000000000
0.0444000000000000
0.0444000000000000
0.0476000000000000
0.0476000000000000
0.0476000000000000
0.0513000000000000
0.0550000000000000
0.0550000000000000
0.0550000000000000
0.0587000000000000
0.0623000000000000
0.0623000000000000
0.0623000000000000
0.0660000000000000
0.0701000000000000
0.0701000000000000
0.0701000000000000
0.0738000000000000
0.0774000000000000
0.0774000000000000
0.0774000000000000
0.0811000000000000
0.0847000000000000
0.0847000000000000
0.0847000000000000
0.0884000000000000
0.0925000000000000
0.0925000000000000
0.0925000000000000
0.0962000000000000
0.100000000000000
0.100000000000000
0.100000000000000
0.108000000000000
0.108000000000000
0.120500000000000
0.120500000000000
0
0
0.0127000000000000
0.0127000000000000
0.0190000000000000
0.0190000000000000
0.0190000000000000
0.0190000000000000
0.0222000000000000
0.0222000000000000
0.0222000000000000
0.0222000000000000
0.0254000000000000
0.0254000000000000
0.0254000000000000
0.0254000000000000
0.0286000000000000
0.0286000000000000
0.0286000000000000
0.0286000000000000
0.0286000000000000
0.0286000000000000
0.0286000000000000
0.0286000000000000
0.0318000000000000
0.0318000000000000
0.0318000000000000
0.0318000000000000
0.0318000000000000
0.0318000000000000
0.0318000000000000
0.0318000000000000
0.0354000000000000
0.0354000000000000
0.0354000000000000
0.0354000000000000
0.0354000000000000
0.0380000000000000
0.0380000000000000
0.0380000000000000
0.0380000000000000
0.0380000000000000
0.0405000000000000
0.0405000000000000
0.0405000000000000
0.0405000000000000
0.0405000000000000
0.0444000000000000
0.0444000000000000
0.0444000000000000
0.0444000000000000
0.0476000000000000
0.0476000000000000
0.0476000000000000
0.0513000000000000
0.0550000000000000
0.0550000000000000
0.0550000000000000
0.0587000000000000
0.0623000000000000
0.0623000000000000
0.0623000000000000
0.0660000000000000
0.0701000000000000
0.0701000000000000
0.0701000000000000
0.0738000000000000
0.0774000000000000
0.0774000000000000
0.0774000000000000
0.0811000000000000
0.0847000000000000
0.0847000000000000
0.0847000000000000
0.0884000000000000
0.0925000000000000
0.0925000000000000
0.0925000000000000
0.0962000000000000
0.100000000000000
0.100000000000000
0.100000000000000
0.108000000000000
0.108000000000000
0.120500000000000
0.120500000000000
0
0.0127000000000000
0.0190000000000000
0.0254000000000000
0.0286000000000000
0.0318000000000000
0.0354000000000000
0.0405000000000000
0.0444000000000000
0.0513000000000000
0.0587000000000000
0.0660000000000000
0.0738000000000000
0.0811000000000000
0.0884000000000000
0.0962000000000000
0.108000000000000
0.120500000000000